51
41
24
95
67
72
98
73
23
42
34
31
78
75
82
55
3
66
45
22
38
28
12
60
58
58
95
14
31
28
6
46
69
9
84
62
91
77
7
28
5
29
92
32
34
37
86
91
45
86
98
4
47
10
94
53
14
29
55
67
94
74
34
74
9
69
3
16
18
71
34
38
85
93
8
16
53
34
30
67
38
29
54
62
64
68
19
43
29
88
59
55
90
42
13
38
9
46
54
1
53
65
10
88
42
60
64
71
52
33
76
59
52
9
82
90
75
85
87
81
31
17
12
48
66
94
88
66
81
93
50
48
63
89
59
19
75
94
85
31
75
88
2
19
76
18
75
42
63
68
84
22
35
43
29
35
57
30
0
14
54
95
78
25
9
10
48
30
97
14
21
34
74
56
19
91
78
46
0
95
55
79
54
40
62
63
28
97
88
28
14
93
57
9
52
10
2
69
71
4
73
36
63
2
21
46
7
33
94
31
63
29
88
77
92
66
85
100
49
98
89
96
66
4
13
25
86
96
73
42
51
61
74
35
65
46
48
88
74
90
42
34
88
50
91
4
56
53
95
82
3
3
48
53
32
23
70
47
97
3
84
34
72
36
61
44
10
96
93
20
42
61
59
31
40
15
11
80
18
68
95
47
41
23
84
43
33
85
42
5
32
44
51
86
31
80
86
62
91
58
97
20
61
24
60
40
62
2
52
26
24
5
20
71
47
80
35
60
56
12
94
94
21
85
0
15
21
91
27
4
13
96
7
41
42
59
32
70
38
95
32
25
89
28
85
22
61
1
92
10
1
59
36
25
51
50
48
85
33
62
47
63
39
31
16
84
18
10
41
87
84
90
86
89
10
28
42
38
24
40
34
89
58
80
52
22
68
47
97
81
88
61
71
99
31
82
13
94
33
70
74
19
58
40
72
59
20
25
88
34
50
14
11
93
0
32
44
24
4
16
72
36
90
33
91
60
50
9
78
76
49
88
95
79
6
16
15
39
43
73
73
27
16
79
34
48
15
92
14
23
32
0
68
62
4
27
1
22
49
6
84
43
87
1
42
2
20
87
79
43
89
3
50
94
91
12
98
73
44
98
61
24
38
50
33
14
71
49
57
58
17
100
34
85
82
99
31
33
30
37
45
66
76
90
42
46
70
45
30
52
65
31
5
31
23
44
67
82
21
39
46
22
32
78
24
62
74
0
100
13
18
3
38
93
70
40
34
40
56
92
62
50
82
5
41
55
35
40
52
100
43
75
7
75
41
51
21
25
16
66
67
7
56
33
62
17
48
7
95
98
48
26
24
42
57
87
7
51
13
49
5
86
56
97
51
18
76
29
76
62
14
32
18
53
72
76
68
99
99
33
20
70
65
73
74
67
52
45
93
80
69
33
59
6
17
61
23
67
78
30
59
61
84
70
25
27
37
89
41
34
30
10
0
6
90
23
34
16
7
21
58
90
88
34
58
66
51
20
83
36
63
6
17
15
35
64
77
52
82
81
22
59
20
74
15
66
37
81
72
37
37
25
87
29
54
16
98
14
2
21
9
58
98
3
61
34
92
27
43
12
32
70
44
76
81
16
51
44
56
28
90
63
53
56
60
81
4
46
65
93
22
37
34
29
13
39
69
92
17
33
67
5
79
69
100
3
47
27
48
25
42
20
55
74
14
47
57
23
1
89
29
92
63
15
97
69
35
10
28
95
85
72
72
10
61
1
30
53
0
57
66
64
89
2
40
78
100
43
81
13
42
34
35
41
16
56
25
14
41
22
93
79
56
35
100
91
83
37
43
26
5
8
80
86
54
54
98
18
8
88
4
2
74
46
37
25
66
18
46
41
45
46
63
26
95
27
78
16
53
51
51
48
82
51
97
20
59
57
56
4
82
51
54
64
55
34
48
18
63
44
10
96
2
95
0
12
6
96
2
7
50
13
41
9
94
61
1
54
5
86
44
70
50
73
1
59
31
56
24
50
38
9
53
71
49
35
61
76
94
92
52
10
6
99
60
50
66
88
25
7
24
28
33
54
10
36
90
18
29
39
61
94
25
6
75
92
53
14
53
8
45
51
26
96
29
27
34
54
31
39
40
38
41
30
14
9
21
61
91
57
92
34
24
77
18
41
47
35
99
15
23
82
45
7
7
78
35
21
9
80
94
1
75
76
79
59
93
35
29
26
69
4
27
84
5
25
54
65
43
67
98
39
65
87
13
24
47
69
15
96
16
8
18
79
62
69
70
99
10
31
14
16
93
69
84
26
98
19
10
22
